{'Jersey Milk': 0.4687422916904888, 'Cream': 0.3328920226581851, 'SkimMilkPowder': 0.02054765763139067, 'Sucrose': 0.14629090915279475, 'Stab/Emul': 0.002926941039984402, 'Salt': 0.0015161363737823555, 'Ethonol': 0.027084041453373658}

Best With Vanilla Extract:
{'Jersey Milk': 0.46824646413665433,
 'Cream': 0.33300088354706964,
 'SkimMilkPowder': 0.036823218628276456,
 'Sucrose': 0.1436303925770574,
 'Stab/Emul': 0.0029567999935259763,
 'Salt': 0.0014937209158761892,
 'Ethonol': 0.013848520201540001}

Best
{'Jersey Milk': 0.4676999584218987,
 'Cream': 0.33315327499803105,
 'SkimMilkPowder': 0.05373771525703224,
 'Sucrose': 0.14088078687571676,
 'Stab/Emul': 0.00301898827580696,
 'Salt': 0.0015092761715141943}