init cost recipe_name:  29009.486689643374
final cost recipe_name:  0.005064824381174857

Facts:
fat:  0.05842943846091691
brix:  13.979486859935564
stab/emul:  0.0014198874513827748
water:  0.6194921177551527
ice at -6C:  0.4995705793988644
saltiness:  0.0010216542323249948
solids:  0.38050788224484733

Recipe gelato_base (total = 800.000000g):
WholeMilk: 500.18633600900586
Cream: 90.67988768132383
SkimMilkPowder: 124.1260934462793
Fructose: 0.008000003477367413
Sucrose: 83.04644951294739
StabEmul: 1.1359099611062196
Salt: 0.8173233858599958
