init cost recipe_name:  115.02824283821435
final cost recipe_name:  0.06257124577502182

Facts:
fat:  0.039746639083128456
brix:  14.07935424107383
stab/emul:  0.0015075384149637867
water:  0.6336033230934032
ice at -6C:  0.4948617415724316
saltiness:  0.005119940507863537
solids:  0.36639667690659683

Recipe pure_chocolate (total = 850.000000g):
CocoaPowder: 160.87925343171042
Glucose: 98.64597882674101
Sucrose: 50.62232587040885
MP Perfect Gelato: 1.2814076527192186
Salt: 0.008209589027824432
Water: 538.5628246293927
