init cost recipe_name:  300.6208466225126
final cost recipe_name:  0.06833366124081497

Facts:
fat:  0.05975642347466129
brix:  10.428026597217642
stab/emul:  0.0019704726169623636
water:  0.5842096059147228
ice at -6C:  0.5173017891271847
saltiness:  0.0029498270720096863
solids:  0.4157903940852772

Recipe marshmallow (total = 850.000000g):
GlucoseDE42: 295.46075358783315
VanillinPowder: 0.433839909765997
RefinedCoconutFat: 50.792959953462095
MP Perfect Ice Cream: 1.6749017244180087
Polysorbate 80: 2.552026785798161
Salt: 2.507353011208233
Water: 496.5781650275143
